{
  "name": "my_theta",
  "description": "A description of the parameter set",
  "parameter": {
    "S": {
      "transformation": "logit",
      "partition_id": "identical_population",
      "group": {
        "all": {
          "min": {
            "value": 0.55
          },
          "guess": {
            "value": 0.337305
          },
          "max": {
            "value": 1.14
          },
          "sd_transf": {
            "value": 0.02
          },
          "prior": {
            "value": "normal"
          }
        }
      }
    },
    "E": {
      "transformation": "logit",
      "partition_id": "identical_population",
      "group": {
        "all": {
          "min": {
            "value": 1e-7
          },
          "guess": {
            "value": 8.82544e-7
          },
          "max": {
            "value": 0.01
          },
          "sd_transf": {
            "value": 0.02
          },
          "prior": {
            "value": "uniform"
          }
        }
      }
    },
    "I": {
      "transformation": "logit",
      "partition_id": "identical_population",
      "group": {
        "all": {
          "min": {
            "value": 1e-7
          },
          "guess": {
            "value": 0.00000194894
          },
          "max": {
            "value": 0.01
          },
          "sd_transf": {
            "value": 0.02
          },
          "prior": {
            "value": "uniform"
          }
        }
      }
    },
    "beta": {
      "unit": "D",
      "transformation": "log",
      "partition_id": "identical_population",
      "group": {
        "all": {
          "min": {
            "value": 0
          },
          "guess": {
            "value": 3.54707
          },
          "max": {
            "value": 40
          },
          "sd_transf": {
            "value": 0.02
          },
          "prior": {
            "value": "uniform"
          }
        }
      }
    },
    "v": {
      "unit": "D",
      "type": "rate_as_duration",
      "transformation": "log",
      "partition_id": "identical_population",
      "group": {
        "all": {
          "min": {
            "value": 0.93
          },
          "guess": {
            "value": 1.05379
          },
          "max": {
            "value": 1.23
          },
          "sd_transf": {
            "value": 0.2
          },
          "prior": {
            "value": "normal"
          }
        }
      }
    },
    "k": {
      "unit": "D",
      "type": "rate_as_duration",
      "transformation": "log",
      "partition_id": "identical_population",
      "group": {
        "all": {
          "min": {
            "value": 1.55
          },
          "guess": {
            "value": 1.56561
          },
          "max": {
            "value": 1.63
          },
          "sd_transf": {
            "value": 0.2
          },
          "prior": {
            "value": "normal"
          }
        }
      }
    },
    "vol": {
      "transformation": "log",
      "partition_id": "identical_population",
      "unit": "W",
      "group": {
        "all": {
          "min": {
            "value": 0
          },
          "guess": {
            "value": 0.19313
          },
          "max": {
            "value": 5
          },
          "sd_transf": {
            "value": 0.02
          },
          "prior": {
            "value": "uniform"
          }
        }
      }
    },
    "rep": {
      "transformation": "logit",
      "partition_id": "identical_time_series",
      "group": {
        "all": {
          "min": {
            "value": 0.1
          },
          "guess": {
            "value": 0.1
          },
          "max": {
            "value": 0.1
          },
          "sd_transf": {
            "value": 0
          },
          "prior": {
            "value": "uniform"
          }
        }
      }
    },
    "phi": {
      "transformation": "log",
      "partition_id": "identical_time_series",
      "group": {
        "all": {
          "min": {
            "value": 0.1
          },
          "guess": {
            "value": 0.1
          },
          "max": {
            "value": 0.1
          },
          "sd_transf": {
            "value": 0
          },
          "prior": {
            "value": "uniform"
          }
        }
      }
    }
  },
  "type": "theta",
  "partition": {
    "variable_population": {
      "group": [
        {
          "id": "London__all",
          "population_id": [
            "London__all"
          ]
        }
      ]
    },
    "variable_time_series": {
      "group": [
        {
          "id": "London__HPA__inc",
          "time_series_id": [
            "London__HPA__inc"
          ]
        }
      ]
    },
    "identical_population": {
      "group": [
        {
          "id": "all",
          "population_id": [
            "London__all"
          ]
        }
      ]
    },
    "identical_time_series": {
      "group": [
        {
          "id": "all",
          "time_series_id": [
            "London__HPA__inc"
          ]
        }
      ]
    }
  },
  "covariance": [
    [
      "S:all",
      "E:all",
      "I:all",
      "beta:all",
      "v:all",
      "k:all",
      "vol:all",
      "rep:all",
      "phi:all"
    ],
    [
      0.947785,
      0.0177509,
      0.0246943,
      -0.212569,
      0.00213193,
      -0.000112699,
      -0.00410709,
      0,
      0
    ],
    [
      0.0177509,
      1.88587,
      0.40502,
      -0.0154151,
      -0.00217174,
      -0.0000201944,
      -0.00166781,
      0,
      0
    ],
    [
      0.0246943,
      0.40502,
      2.29028,
      -0.0204487,
      0.00172679,
      -0.000817598,
      0.00917586,
      0,
      0
    ],
    [
      -0.212569,
      -0.0154151,
      -0.0204487,
      0.0735576,
      -0.00490244,
      -0.00000251139,
      -0.000136485,
      0,
      0
    ],
    [
      0.00213193,
      -0.00217174,
      0.00172679,
      -0.00490244,
      0.00497942,
      0.00000698493,
      0.00187728,
      0,
      0
    ],
    [
      -0.000112699,
      -0.0000201944,
      -0.000817598,
      -0.00000251139,
      0.00000698493,
      0.000162989,
      0.000284908,
      0,
      0
    ],
    [
      -0.00410709,
      -0.00166781,
      0.00917586,
      -0.000136485,
      0.00187728,
      0.000284908,
      0.0874286,
      0,
      0
    ],
    [
      0,
      0,
      0,
      0,
      0,
      0,
      0,
      0,
      0
    ],
    [
      0,
      0,
      0,
      0,
      0,
      0,
      0,
      0,
      0
    ]
  ]
}